#4040 LAM-OK500
400000 450000
450000 450000
450000 400000
400000 400000
#4045 LAM-OK500
400000 500000
450000 500000
450000 450000
400000 450000
#4050 LAM-OK500
400000 550000
450000 550000
450000 500000
400000 500000
#4035 LAM-OK500
400000 400000
450000 400000
450000 350000
400000 350000
#4030 LAM-OK500
400000 350000
450000 350000
450000 300000
400000 300000
#4025 LAM-OK500
400000 300000
450000 300000
450000 250000
400000 250000
#4540 LAM-OK500
450000 450000
500000 450000
500000 400000
450000 400000
#4545 LAM-OK500
450000 500000
500000 500000
500000 450000
450000 450000
#4550 LAM-OK500
450000 550000
500000 550000
500000 500000
450000 500000
#4535 LAM-OK500
450000 400000
500000 400000
500000 350000
450000 350000
#4530 LAM-OK500
450000 350000
500000 350000
500000 300000
450000 300000
#4525 LAM-OK500
450000 300000
500000 300000
500000 250000
450000 250000
#5040 LAM-OK500
500000 450000
550000 450000
550000 400000
500000 400000
#5045 LAM-OK500
500000 500000
550000 500000
550000 450000
500000 450000
#5050 LAM-OK500
500000 550000
550000 550000
550000 500000
500000 500000
#5035 LAM-OK500
500000 400000
550000 400000
550000 350000
500000 350000
#5030 LAM-OK500
500000 350000
550000 350000
550000 300000
500000 300000
#5025 LAM-OK500
500000 300000
550000 300000
550000 250000
500000 250000
#5540 LAM-OK500
550000 450000
600000 450000
600000 400000
550000 400000
#5545 LAM-OK500
550000 500000
600000 500000
600000 450000
550000 450000
#5550 LAM-OK500
550000 550000
600000 550000
600000 500000
550000 500000
#5535 LAM-OK500
550000 400000
600000 400000
600000 350000
550000 350000
#5530 LAM-OK500
550000 350000
600000 350000
600000 300000
550000 300000
#6040 LAM-OK500
600000 450000
650000 450000
650000 400000
600000 400000
#6045 LAM-OK500
600000 500000
650000 500000
650000 450000
600000 450000
#6050 LAM-OK500
600000 550000
650000 550000
650000 500000
600000 500000
#6035 LAM-OK500
600000 400000
650000 400000
650000 350000
600000 350000
#6030 LAM-OK500
600000 350000
650000 350000
650000 300000
600000 300000
#6540 LAM-OK500
650000 450000
700000 450000
700000 400000
650000 400000
#6545 LAM-OK500
650000 500000
700000 500000
700000 450000
650000 450000
#6550 LAM-OK500
650000 550000
700000 550000
700000 500000
650000 500000
#6535 LAM-OK500
650000 400000
700000 400000
700000 350000
650000 350000
#3540 LAM-OK500
350000 450000
400000 450000
400000 400000
350000 400000
#3545 LAM-OK500
350000 500000
400000 500000
400000 450000
350000 450000
#3535 LAM-OK500
350000 400000
400000 400000
400000 350000
350000 350000
#3530 LAM-OK500
350000 350000
400000 350000
400000 300000
350000 300000
#3525 LAM-OK500
350000 300000
400000 300000
400000 250000
350000 250000
#5555 LAM-OK500
550000 600000
600000 600000
600000 550000
550000 550000
#5055 LAM-OK500
500000 600000
550000 600000
550000 550000
500000 550000
#3030 LAM-OK500
300000 350000
350000 350000
350000 300000
300000 300000
#3035 LAM-OK500
300000 400000
350000 400000
350000 350000
300000 350000
#3040 LAM-OK500
300000 450000
350000 450000
350000 400000
300000 400000
#2530 LAM-OK500
250000 350000
300000 350000
300000 300000
250000 300000
#2535 LAM-OK500
250000 400000
300000 400000
300000 350000
250000 350000
#2540 LAM-OK500
250000 450000
300000 450000
300000 400000
250000 400000
#2030 LAM-OK500
200000 350000
250000 350000
250000 300000
200000 300000
#2035 LAM-OK500
200000 400000
250000 400000
250000 350000
200000 350000
#2040 LAM-OK500
200000 450000
250000 450000
250000 400000
200000 400000
#1530 LAM-OK500
150000 350000
200000 350000
200000 300000
150000 300000
#1535 LAM-OK500
150000 400000
200000 400000
200000 350000
150000 350000
#1540 LAM-OK500
150000 450000
200000 450000
200000 400000
150000 400000
#1030 LAM-OK500
100000 350000
150000 350000
150000 300000
100000 300000
#1035 LAM-OK500
100000 400000
150000 400000
150000 350000
100000 350000
#1040 LAM-OK500
100000 450000
150000 450000
150000 400000
100000 400000
#6055 LAM-OK500
600000 600000
650000 600000
650000 550000
600000 550000
